,Id,SalePrice
0,1461,124046.770237
1,1462,160813.429181
2,1463,181359.104701
3,1464,185340.002176
4,1465,180415.163261
5,1466,166874.237832
6,1467,177160.880778
7,1468,163548.961655
8,1469,174736.542897
9,1470,123220.481608
10,1471,200374.462544
11,1472,95285.1301904
12,1473,96897.7290236
13,1474,145768.66204
14,1475,118782.345111
15,1476,413056.306195
16,1477,273473.761344
17,1478,261432.582227
18,1479,278667.294671
19,1480,467612.93417
20,1481,311600.027177
21,1482,196330.036918
22,1483,169015.134316
23,1484,167804.863938
24,1485,167279.223812
25,1486,179001.191004
26,1487,370767.764449
27,1488,226182.390454
28,1489,199626.625841
29,1490,207640.712631
30,1491,172780.4881
31,1492,82812.5810365
32,1493,187758.733777
33,1494,277781.353249
34,1495,280499.286877
35,1496,218880.974904
36,1497,174332.031495
37,1498,161724.542144
38,1499,154034.251559
39,1500,151624.950395
40,1501,173559.784404
41,1502,147689.54279
42,1503,319516.077057
43,1504,223935.8137
44,1505,210472.584097
45,1506,172106.986961
46,1507,215803.77731
47,1508,175780.490867
48,1509,147329.671714
49,1510,135818.866741
50,1511,131903.189995
51,1512,160002.443069
52,1513,145083.896204
53,1514,173426.357352
54,1515,185070.194092
55,1516,148838.517314
56,1517,160137.444304
57,1518,124689.596136
58,1519,219295.671375
59,1520,132197.34205
60,1521,131539.536018
61,1522,160956.484379
62,1523,108207.338706
63,1524,114136.797594
64,1525,119907.273981
65,1526,114728.760233
66,1527,112064.982431
67,1528,117821.500443
68,1529,144649.784234
69,1530,168542.335691
70,1531,118807.503806
71,1532,103587.468771
72,1533,147163.120842
73,1534,119142.262892
74,1535,155899.849943
75,1536,104530.154755
76,1537,86427.8032499
77,1538,159220.427344
78,1539,172276.059122
79,1540,103489.18291
80,1541,139784.497139
81,1542,146086.821033
82,1543,217113.36758
83,1544,76428.0361874
84,1545,112642.598313
85,1546,129330.44727
86,1547,140968.35387
87,1548,137267.030796
88,1549,115782.519858
89,1550,139599.741111
90,1551,121192.636107
91,1552,137100.262932
92,1553,143769.501018
93,1554,108287.392365
94,1555,171267.374407
95,1556,89977.9912818
96,1557,117372.039838
97,1558,90175.5712238
98,1559,104774.745692
99,1560,138842.904917
100,1561,129700.596933
101,1562,124505.686816
102,1563,115079.086666
103,1564,165161.917672
104,1565,134326.16717
105,1566,220546.307034
106,1567,69669.7886641
107,1568,208508.591599
108,1569,148816.926359
109,1570,132163.637203
110,1571,122547.757492
111,1572,144525.986983
112,1573,304466.796179
113,1574,126010.326568
114,1575,222011.905732
115,1576,210681.08699
116,1577,205589.891329
117,1578,142959.987572
118,1579,149689.986707
119,1580,184970.474775
120,1581,138956.318412
121,1582,126676.556236
122,1583,324251.661611
123,1584,204274.799027
124,1585,137939.62557
125,1586,79324.4433085
126,1587,94412.6127803
127,1588,144147.232165
128,1589,94504.7652424
129,1590,134983.715723
130,1591,91066.3227785
131,1592,115922.578725
132,1593,126560.528983
133,1594,149407.695011
134,1595,116938.804206
135,1596,237946.17645
136,1597,172419.823271
137,1598,182885.523679
138,1599,189569.032825
139,1600,182241.871897
140,1601,81645.4565527
141,1602,113458.499439
142,1603,95167.6949319
143,1604,273090.273027
144,1605,220539.134323
145,1606,163558.53479
146,1607,154558.320866
147,1608,217839.013125
148,1609,203665.883397
149,1610,140472.124133
150,1611,130415.622932
151,1612,157028.79041
152,1613,159689.034933
153,1614,119625.638271
154,1615,89215.3093233
155,1616,74006.6308696
156,1617,96485.8065323
157,1618,125001.546998
158,1619,133813.362397
159,1620,150818.234606
160,1621,137780.910861
161,1622,134602.974372
162,1623,297380.836143
163,1624,189943.46938
164,1625,122531.62202
165,1626,154936.451703
166,1627,182249.273117
167,1628,248329.435716
168,1629,160248.521523
169,1630,407232.32257
170,1631,199745.950418
171,1632,216767.161527
172,1633,159272.662414
173,1634,172247.232777
174,1635,164038.827371
175,1636,151496.399107
176,1637,172935.694697
177,1638,180089.776761
178,1639,165695.987738
179,1640,250721.379751
180,1641,169698.105092
181,1642,215932.960076
182,1643,215459.762202
183,1644,219407.690582
184,1645,200633.363362
185,1646,153768.746557
186,1647,153111.544344
187,1648,124409.649344
188,1649,129116.080242
189,1650,108331.294417
190,1651,119216.160115
191,1652,94595.3670859
192,1653,99539.6864443
193,1654,142239.151365
194,1655,141691.773614
195,1656,141351.713384
196,1657,144315.231088
197,1658,136985.60914
198,1659,125934.549599
199,1660,144299.208236
200,1661,447650.432234
201,1662,411147.77909
202,1663,408975.317447
203,1664,514520.658791
204,1665,298689.826479
205,1666,330480.823333
206,1667,407491.397506
207,1668,336817.738917
208,1669,277856.663737
209,1670,354293.95112
210,1671,251291.121233
211,1672,466216.80378
212,1673,249070.188989
213,1674,227204.600967
214,1675,179277.281223
215,1676,180239.218827
216,1677,243089.541291
217,1678,477901.656404
218,1679,424060.090278
219,1680,346287.553825
220,1681,239388.669347
221,1682,292606.958167
222,1683,162604.911003
223,1684,167504.370851
224,1685,162681.612476
225,1686,158584.995189
226,1687,156813.202008
227,1688,171929.162344
228,1689,168767.214217
229,1690,175684.701649
230,1691,160523.334727
231,1692,217972.228518
232,1693,156363.605674
233,1694,169730.817069
234,1695,156410.244271
235,1696,257952.091938
236,1697,168229.625211
237,1698,337602.910206
238,1699,306542.641993
239,1700,220492.73785
240,1701,244652.535856
241,1702,255167.198518
242,1703,263151.430968
243,1704,322173.445217
244,1705,217353.043756
245,1706,493954.608343
246,1707,212718.03582
247,1708,213410.375447
248,1709,257776.821185
249,1710,222049.23813
250,1711,228078.094251
251,1712,276910.673243
252,1713,273233.873566
253,1714,214510.422293
254,1715,184310.782663
255,1716,209965.278987
256,1717,169248.766638
257,1718,125768.471811
258,1719,181363.963902
259,1720,221445.234269
260,1721,163670.924174
261,1722,120676.328624
262,1723,154855.653788
263,1724,231222.972051
264,1725,214565.588829
265,1726,172410.547201
266,1727,150701.021277
267,1728,173735.239694
268,1729,152118.601999
269,1730,139672.107187
270,1731,120407.098084
271,1732,125970.36714
272,1733,113343.940611
273,1734,116939.981126
274,1735,125107.536147
275,1736,114585.410939
276,1737,331006.125453
277,1738,206505.664695
278,1739,270670.06198
279,1740,209431.436977
280,1741,197563.088502
281,1742,167738.119586
282,1743,165131.831622
283,1744,308769.97626
284,1745,210571.797281
285,1746,193438.833255
286,1747,200145.584441
287,1748,221893.744075
288,1749,149406.128784
289,1750,124673.867643
290,1751,223918.400627
291,1752,118776.432926
292,1753,138868.271624
293,1754,192135.063273
294,1755,170204.749775
295,1756,132168.893263
296,1757,118388.701876
297,1758,141027.187577
298,1759,156163.015255
299,1760,158312.687737
300,1761,148507.481444
301,1762,160009.412046
302,1763,156169.201126
303,1764,102987.961568
304,1765,153555.97255
305,1766,174516.840097
306,1767,221069.549156
307,1768,136880.07362
308,1769,173821.306537
309,1770,130829.515866
310,1771,120549.891525
311,1772,134147.870854
312,1773,128166.949293
313,1774,136633.017326
314,1775,124734.703807
315,1776,116996.418742
316,1777,109254.769657
317,1778,130915.707346
318,1779,99862.8323181
319,1780,158694.743861
320,1781,125060.79926
321,1782,82279.1085033
322,1783,130208.630761
323,1784,104711.700344
324,1785,108631.506939
325,1786,159887.96223
326,1787,159879.311
327,1788,40203.6372883
328,1789,94757.5230137
329,1790,80700.838392
330,1791,178807.258105
331,1792,149584.19288
332,1793,134107.703787
333,1794,139772.643596
334,1795,132360.146074
335,1796,112699.733745
336,1797,110281.165535
337,1798,116437.690327
338,1799,104767.659134
339,1800,119487.147036
340,1801,118469.246161
341,1802,117303.648336
342,1803,139910.804674
343,1804,133810.685119
344,1805,130551.735255
345,1806,119553.668659
346,1807,122302.420024
347,1808,129305.843634
348,1809,115651.225104
349,1810,148588.959718
350,1811,102784.966071
351,1812,103963.007463
352,1813,126751.515944
353,1814,95208.6426966
354,1815,53060.0570591
355,1816,95695.1252308
356,1817,119198.419222
357,1818,127273.05059
358,1819,113627.368501
359,1820,71545.0019274
360,1821,106085.119253
361,1822,142745.388802
362,1823,57845.2902067
363,1824,124889.603096
364,1825,125349.059475
365,1826,100131.354448
366,1827,106678.883455
367,1828,140937.262516
368,1829,113970.460526
369,1830,137633.062623
370,1831,154960.394188
371,1832,84352.7935861
372,1833,131020.527279
373,1834,108900.740066
374,1835,133914.673216
375,1836,120370.775259
376,1837,93460.8039968
377,1838,114341.219766
378,1839,94045.9096058
379,1840,147223.37259
380,1841,133671.453896
381,1842,75019.4900122
382,1843,125712.825522
383,1844,134037.808206
384,1845,124521.942056
385,1846,150591.815885
386,1847,155472.681623
387,1848,48856.8320258
388,1849,99265.7627879
389,1850,109685.190711
390,1851,145606.822314
391,1852,120802.228587
392,1853,124061.436094
393,1854,159431.010622
394,1855,137745.17554
395,1856,197266.101212
396,1857,140224.218096
397,1858,122867.449269
398,1859,108980.758746
399,1860,138510.070357
400,1861,109071.312108
401,1862,278625.54288
402,1863,275862.705315
403,1864,275862.705315
404,1865,325430.927723
405,1866,345167.025859
406,1867,251058.556948
407,1868,343311.165134
408,1869,218003.792859
409,1870,251174.094457
410,1871,235284.423334
411,1872,154410.302861
412,1873,228377.020799
413,1874,145061.960658
414,1875,202207.00421
415,1876,176313.270651
416,1877,202458.989058
417,1878,197919.43536
418,1879,126070.828845
419,1880,135624.936615
420,1881,213727.7659
421,1882,235335.770105
422,1883,180135.604881
423,1884,189844.586305
424,1885,248111.462678
425,1886,312442.115005
426,1887,205119.347094
427,1888,307014.62509
428,1889,168720.580171
429,1890,123739.020078
430,1891,126794.828914
431,1892,111253.279845
432,1893,120217.512272
433,1894,127020.546749
434,1895,138408.488385
435,1896,125615.93004
436,1897,127750.486633
437,1898,114858.279447
438,1899,135410.00975
439,1900,148559.398693
440,1901,161623.926221
441,1902,146627.045714
442,1903,200787.834773
443,1904,133244.66867
444,1905,172900.041907
445,1906,181111.157353
446,1907,192378.372277
447,1908,115697.90484
448,1909,138825.584858
449,1910,124785.009796
450,1911,199676.035649
451,1912,256554.303324
452,1913,152866.576054
453,1914,73399.2684151
454,1915,330249.870526
455,1916,45933.3169849
456,1917,225640.711631
457,1918,137439.054709
458,1919,163424.6664
459,1920,143992.765236
460,1921,449560.067581
461,1922,323842.341099
462,1923,186230.373799
463,1924,214982.214351
464,1925,181130.549854
465,1926,415197.946775
466,1927,126433.008041
467,1928,161490.68115
468,1929,117997.306337
469,1930,126986.950058
470,1931,145753.178195
471,1932,136086.410149
472,1933,168319.908351
473,1934,168021.697924
474,1935,157859.953784
475,1936,174711.018845
476,1937,178849.725387
477,1938,167145.932499
478,1939,239308.29423
479,1940,182087.416929
480,1941,171003.008095
481,1942,173645.644918
482,1943,192378.744748
483,1944,318634.708943
484,1945,349888.106039
485,1946,150773.06326
486,1947,322122.781909
487,1948,181937.034568
488,1949,226525.909764
489,1950,168168.668663
490,1951,230985.185948
491,1952,224776.818015
492,1953,160724.856682
493,1954,176678.780005
494,1955,122976.838058
495,1956,212948.597891
496,1957,145723.038106
497,1958,303082.423093
498,1959,126821.529422
499,1960,107617.766935
500,1961,109505.010949
501,1962,104353.500062
502,1963,115341.695197
503,1964,111680.300838
504,1965,137269.413484
505,1966,136947.394685
506,1967,299933.268717
507,1968,505977.229962
508,1969,404978.423889
509,1970,455579.188049
510,1971,452905.813763
511,1972,381146.359386
512,1973,245227.048473
513,1974,301101.967509
514,1975,529393.893651
515,1976,246254.566771
516,1977,353682.023175
517,1978,406155.882864
518,1979,333703.750579
519,1980,183104.611845
520,1981,364974.541348
521,1982,232005.539495
522,1983,202410.789199
523,1984,161032.776131
524,1985,213022.60566
525,1986,193745.440474
526,1987,186629.211098
527,1988,164163.419354
528,1989,181374.474064
529,1990,189914.658268
530,1991,283484.18477
531,1992,198203.97855
532,1993,156792.213657
533,1994,234093.620961
534,1995,172386.314052
535,1996,229207.293441
536,1997,288413.979732
537,1998,328418.867816
538,1999,235531.929412
539,2000,299698.69228
540,2001,227594.304761
541,2002,237145.944128
542,2003,263064.408878
543,2004,268735.726398
544,2005,216775.227414
545,2006,224877.21405
546,2007,237637.870093
547,2008,209590.732437
548,2009,168700.630226
549,2010,180238.762326
550,2011,136418.610401
551,2012,187274.441143
552,2013,169110.620037
553,2014,179252.630186
554,2015,189719.618545
555,2016,170714.730656
556,2017,178718.49282
557,2018,111629.687375
558,2019,134804.265093
559,2020,99653.0707786
560,2021,107719.970159
561,2022,175429.918378
562,2023,146772.912865
563,2024,219086.198834
564,2025,346305.775965
565,2026,167016.523035
566,2027,145422.236552
567,2028,153576.266476
568,2029,169256.306712
569,2030,256453.641685
570,2031,234716.671581
571,2032,244207.522055
572,2033,253680.765444
573,2034,160949.75569
574,2035,207529.601603
575,2036,185193.703952
576,2037,210008.137032
577,2038,253416.233894
578,2039,197954.709228
579,2040,336244.171588
580,2041,265881.984866
581,2042,206003.138148
582,2043,166474.435306
583,2044,159390.260682
584,2045,211162.551558
585,2046,129626.712196
586,2047,140005.872074
587,2048,131345.328129
588,2049,130679.704181
589,2050,169627.749328
590,2051,105637.618272
591,2052,121083.353765
592,2053,143889.214216
593,2054,91379.580572
594,2055,149282.712899
595,2056,133594.511169
596,2057,113330.249347
597,2058,201988.214876
598,2059,129891.36512
599,2060,166515.178512
600,2061,176124.414546
601,2062,124572.944237
602,2063,98083.4765671
603,2064,137752.008142
604,2065,114973.239718
605,2066,155306.229067
606,2067,105828.703489
607,2068,139619.574713
608,2069,90328.4297632
609,2070,108910.732182
610,2071,90992.6097248
611,2072,110626.233562
612,2073,134388.710389
613,2074,179390.797809
614,2075,142545.226548
615,2076,122199.922504
616,2077,144549.830066
617,2078,115582.244871
618,2079,124851.050216
619,2080,105724.79444
620,2081,115966.076014
621,2082,121082.851724
622,2083,140166.843412
623,2084,101242.793271
624,2085,116584.670059
625,2086,130529.888246
626,2087,121567.116735
627,2088,91143.7333839
628,2089,77289.4536585
629,2090,124022.163312
630,2091,114777.326709
631,2092,131667.485264
632,2093,125299.655396
633,2094,120307.977893
634,2095,149678.320315
635,2096,82860.4679109
636,2097,97716.071988
637,2098,142847.798262
638,2099,62780.1576042
639,2100,89918.2201962
640,2101,127673.106634
641,2102,126352.268341
642,2103,109776.0217
643,2104,130391.950996
644,2105,118717.385552
645,2106,84030.2167961
646,2107,225573.54438
647,2108,111187.780926
648,2109,110528.944068
649,2110,135161.389291
650,2111,140351.166932
651,2112,134154.424821
652,2113,125176.927628
653,2114,123742.349532
654,2115,160110.282185
655,2116,129326.598457
656,2117,139102.548737
657,2118,132058.261612
658,2119,107871.58476
659,2120,120392.858096
660,2121,89186.0150335
661,2122,108055.550665
662,2123,97143.896937
663,2124,185385.456396
664,2125,126486.31071
665,2126,140649.101747
666,2127,142084.141457
667,2128,115805.944443
668,2129,103438.291902
669,2130,130863.396244
670,2131,145937.627141
671,2132,121068.41485
672,2133,129939.544284
673,2134,115462.484216
674,2135,102740.687613
675,2136,80977.4853841
676,2137,100513.740589
677,2138,129395.71835
678,2139,155974.932399
679,2140,133354.878285
680,2141,143337.162605
681,2142,117649.434327
682,2143,152241.692449
683,2144,123996.618738
684,2145,129396.341899
685,2146,155672.451188
686,2147,130838.281756
687,2148,121141.790742
688,2149,134881.783238
689,2150,207081.633051
690,2151,121095.604441
691,2152,197685.832271
692,2153,170975.153073
693,2154,101047.623879
694,2155,133960.566015
695,2156,231913.341346
696,2157,227826.118777
697,2158,223076.536215
698,2159,182920.680542
699,2160,181778.855561
700,2161,249059.829015
701,2162,385609.042104
702,2163,358108.531275
703,2164,213511.905212
704,2165,169647.389816
705,2166,151207.927039
706,2167,221253.277574
707,2168,190976.636214
708,2169,177124.16399
709,2170,198412.815342
710,2171,144576.374834
711,2172,129222.437126
712,2173,155076.692403
713,2174,214996.485721
714,2175,271481.561043
715,2176,318816.295606
716,2177,222270.124379
717,2178,200503.200012
718,2179,137676.801001
719,2180,208945.592487
720,2181,181347.359583
721,2182,244608.15615
722,2183,204976.626758
723,2184,123955.331148
724,2185,126188.235722
725,2186,156896.41118
726,2187,150283.931164
727,2188,150798.552578
728,2189,237359.707831
729,2190,77816.1748352
730,2191,69730.4069987
731,2192,80198.8999414
732,2193,110679.779926
733,2194,101212.371999
734,2195,108860.713318
735,2196,97208.5645436
736,2197,118278.691075
737,2198,159035.343486
738,2199,150857.916401
739,2200,134147.304359
740,2201,136446.699936
741,2202,204050.996334
742,2203,140389.379208
743,2204,169958.787034
744,2205,111220.700183
745,2206,136417.123525
746,2207,193286.69877
747,2208,236253.015838
748,2209,207898.314249
749,2210,122915.327428
750,2211,120336.751732
751,2212,116442.767201
752,2213,98726.1114863
753,2214,126659.15112
754,2215,108957.498033
755,2216,135326.808682
756,2217,65887.4145989
757,2218,76631.8026029
758,2219,83023.8365446
759,2220,88492.0644185
760,2221,329012.936929
761,2222,259944.73119
762,2223,263024.81269
763,2224,192354.038989
764,2225,111119.298894
765,2226,203510.186536
766,2227,188001.589157
767,2228,264676.435875
768,2229,254480.907105
769,2230,142134.962102
770,2231,215516.532517
771,2232,169553.536746
772,2233,168494.747517
773,2234,234722.780033
774,2235,214463.500915
775,2236,301000.092359
776,2237,366859.951068
777,2238,187586.535708
778,2239,125539.875848
779,2240,159151.294614
780,2241,163648.324514
781,2242,132633.217552
782,2243,120414.997352
783,2244,111197.892515
784,2245,110747.387633
785,2246,137585.821018
786,2247,109018.617221
787,2248,121561.87717
788,2249,124320.236724
789,2250,134440.109183
790,2251,99062.8421731
791,2252,161595.31453
792,2253,142934.116491
793,2254,161925.708449
794,2255,176878.096176
795,2256,174620.241917
796,2257,181162.550301
797,2258,158888.799483
798,2259,169936.597321
799,2260,157560.422996
800,2261,178755.158386
801,2262,218466.682427
802,2263,335648.71376
803,2264,471552.045716
804,2265,150211.861823
805,2266,281971.298165
806,2267,391296.24435
807,2268,377646.716801
808,2269,146750.614816
809,2270,177003.575761
810,2271,208998.750853
811,2272,177719.679117
812,2273,160075.601965
813,2274,176492.201996
814,2275,171757.033262
815,2276,189226.768783
816,2277,160375.186508
817,2278,143274.185172
818,2279,117341.838613
819,2280,111205.376122
820,2281,164255.840842
821,2282,195293.338672
822,2283,106722.822661
823,2284,101197.605096
824,2285,131360.746442
825,2286,120055.025483
826,2287,327406.859012
827,2288,263311.166688
828,2289,398109.968196
829,2290,499494.803189
830,2291,300857.48977
831,2292,410043.239726
832,2293,512622.014775
833,2294,429973.922445
834,2295,488336.920911
835,2296,298719.326158
836,2297,307869.02442
837,2298,297880.711133
838,2299,403999.648442
839,2300,327972.10018
840,2301,261484.69944
841,2302,228258.761413
842,2303,226588.780022
843,2304,227119.888157
844,2305,177598.642617
845,2306,178570.366509
846,2307,181993.162608
847,2308,219311.966605
848,2309,263115.989859
849,2310,207352.835397
850,2311,188670.721831
851,2312,215585.32336
852,2313,168140.782155
853,2314,180837.548225
854,2315,163547.821165
855,2316,174775.480606
856,2317,186562.62449
857,2318,190176.410354
858,2319,189257.989444
859,2320,210279.480611
860,2321,232512.992838
861,2322,183139.858849
862,2323,165317.015477
863,2324,160156.469429
864,2325,206766.098835
865,2326,157576.61475
866,2327,187370.270352
867,2328,197549.281386
868,2329,179501.948409
869,2330,174626.397275
870,2331,341018.681105
871,2332,405900.79958
872,2333,311062.07623
873,2334,219183.035796
874,2335,249307.366446
875,2336,337185.352244
876,2337,239692.836502
877,2338,296474.482393
878,2339,224586.609497
879,2340,417279.625439
880,2341,235919.89696
881,2342,221893.703987
882,2343,219002.427933
883,2344,200178.478207
884,2345,222720.644871
885,2346,212446.267301
886,2347,198965.802118
887,2348,224655.045209
888,2349,184726.390009
889,2350,268701.331398
890,2351,241762.416094
891,2352,231747.078095
892,2353,224414.488916
893,2354,131424.190647
894,2355,139759.307564
895,2356,152950.565757
896,2357,188675.053101
897,2358,179025.572159
898,2359,119813.300021
899,2360,113037.982858
900,2361,136940.417546
901,2362,269038.913575
902,2363,129738.814307
903,2364,154773.553004
904,2365,231319.660629
905,2366,191447.027716
906,2367,216785.571916
907,2368,205311.862299
908,2369,224972.991263
909,2370,173412.873108
910,2371,167408.971872
911,2372,189841.390153
912,2373,295150.416821
913,2374,333344.580078
914,2375,239125.683928
915,2376,255827.824714
916,2377,414371.787291
917,2378,124852.933507
918,2379,184377.921171
919,2380,139724.061744
920,2381,153678.847865
921,2382,182939.132134
922,2383,201000.21435
923,2384,216879.0102
924,2385,152235.652222
925,2386,126883.908806
926,2387,129881.082889
927,2388,88924.653218
928,2389,123792.936869
929,2390,130632.3896
930,2391,133966.364378
931,2392,111436.770774
932,2393,153487.640087
933,2394,138173.387215
934,2395,190372.42892
935,2396,138202.894891
936,2397,206455.642493
937,2398,122724.806052
938,2399,43077.7529595
939,2400,43871.7206133
940,2401,110643.535054
941,2402,132219.421832
942,2403,125924.132304
943,2404,149715.811838
944,2405,155171.205847
945,2406,132132.994584
946,2407,121054.916729
947,2408,129263.41654
948,2409,116323.972197
949,2410,161712.479479
950,2411,114870.919135
951,2412,159214.866797
952,2413,116443.875947
953,2414,127925.098001
954,2415,128173.286212
955,2416,125090.156581
956,2417,125790.86189
957,2418,127179.578761
958,2419,124951.2153
959,2420,121060.762423
960,2421,153269.050801
961,2422,105009.894446
962,2423,104015.366356
963,2424,148336.228187
964,2425,224404.536835
965,2426,132474.689748
966,2427,132151.210376
967,2428,161344.761042
968,2429,109468.899833
969,2430,122398.331997
970,2431,114714.109474
971,2432,135398.418868
972,2433,139718.48484
973,2434,133476.701796
974,2435,143234.591249
975,2436,104751.913016
976,2437,94119.5962163
977,2438,124831.934421
978,2439,104285.586317
979,2440,120447.093285
980,2441,99439.060373
981,2442,97873.623009
982,2443,124611.345943
983,2444,132575.087679
984,2445,89326.0038677
985,2446,126603.270358
986,2447,185189.892903
987,2448,135356.006677
988,2449,106532.199566
989,2450,152274.320677
990,2451,116624.199387
991,2452,208044.288871
992,2453,99907.4549966
993,2454,120772.248673
994,2455,121495.409309
995,2456,133397.298188
996,2457,126163.486041
997,2458,118691.583451
998,2459,118224.384651
999,2460,136186.155781
1000,2461,116642.457197
1001,2462,139058.240068
1002,2463,122149.50009
1003,2464,171405.588634
1004,2465,136212.069263
1005,2466,101665.968183
1006,2467,140025.984149
1007,2468,77292.6228395
1008,2469,78211.4195152
1009,2470,184634.538093
1010,2471,200164.420117
1011,2472,163593.020466
1012,2473,123287.089105
1013,2474,74605.908065
1014,2475,222343.66677
1015,2476,105217.221318
1016,2477,122010.099157
1017,2478,148805.938522
1018,2479,121370.489171
1019,2480,144908.013102
1020,2481,119508.459969
1021,2482,128335.529532
1022,2483,107102.912068
1023,2484,119968.587086
1024,2485,119726.795695
1025,2486,152380.118905
1026,2487,182901.041104
1027,2488,153833.075584
1028,2489,149371.585049
1029,2490,149429.409927
1030,2491,94779.4796314
1031,2492,172465.282332
1032,2493,139189.160544
1033,2494,153813.819615
1034,2495,75554.7996144
1035,2496,229270.469907
1036,2497,144382.597879
1037,2498,113844.244872
1038,2499,96723.0784162
1039,2500,123514.722068
1040,2501,137857.632807
1041,2502,156292.352519
1042,2503,95218.0824445
1043,2504,174581.028451
1044,2505,193847.653036
1045,2506,262292.697978
1046,2507,254201.300262
1047,2508,262483.689832
1048,2509,201528.230543
1049,2510,218683.125476
1050,2511,175356.688809
1051,2512,189489.786805
1052,2513,195620.807762
1053,2514,206987.593579
1054,2515,145828.726071
1055,2516,156923.287758
1056,2517,139676.099513
1057,2518,140969.018038
1058,2519,204712.139364
1059,2520,195156.810633
1060,2521,171067.853668
1061,2522,204718.18699
1062,2523,127736.354
1063,2524,134004.354384
1064,2525,144593.396495
1065,2526,136498.138832
1066,2527,112619.686622
1067,2528,132874.886263
1068,2529,127968.894345
1069,2530,135213.006661
1070,2531,250618.805336
1071,2532,196938.791636
1072,2533,182133.223735
1073,2534,219734.893554
1074,2535,315330.272994
1075,2536,222295.213164
1076,2537,230768.128076
1077,2538,189555.631512
1078,2539,173474.178291
1079,2540,170211.788426
1080,2541,164885.286364
1081,2542,160486.256043
1082,2543,129653.090467
1083,2544,130418.586487
1084,2545,134155.915119
1085,2546,124393.894646
1086,2547,142121.531913
1087,2548,142319.567221
1088,2549,152035.80738
1089,2550,263978.987975
1090,2551,140287.617384
1091,2552,130618.551599
1092,2553,66417.1114045
1093,2554,89731.8209056
1094,2555,112913.049539
1095,2556,100996.078567
1096,2557,113960.719931
1097,2558,139153.288866
1098,2559,126143.38009
1099,2560,134635.719756
1100,2561,148952.901178
1101,2562,116259.702935
1102,2563,143223.788133
1103,2564,184225.549237
1104,2565,137643.147142
1105,2566,163294.368774
1106,2567,126860.556994
1107,2568,205136.415395
1108,2569,173149.507319
1109,2570,121171.352275
1110,2571,169148.604995
1111,2572,168397.961631
1112,2573,218826.170838
1113,2574,214235.237885
1114,2575,127891.271376
1115,2576,112967.159381
1116,2577,142888.096619
1117,2578,81673.6764355
1118,2579,76926.3636076
1119,2580,132009.670002
1120,2581,126605.033436
1121,2582,134945.316859
1122,2583,295916.610986
1123,2584,171316.028576
1124,2585,169599.320837
1125,2586,229733.357408
1126,2587,196680.607347
1127,2588,141451.605114
1128,2589,143080.846261
1129,2590,204267.519407
1130,2591,188776.733402
1131,2592,205094.417735
1132,2593,243606.44284
1133,2594,162285.215134
1134,2595,178063.879063
1135,2596,295836.850725
1136,2597,173386.038474
1137,2598,267566.775929
1138,2599,298967.40172
1139,2600,155605.790353
1140,2601,147550.737713
1141,2602,87204.1686062
1142,2603,99270.4610481
1143,2604,93308.2141597
1144,2605,78763.002547
1145,2606,142628.817285
1146,2607,193174.941388
1147,2608,188674.321622
1148,2609,154384.061616
1149,2610,104660.124808
1150,2611,142014.097094
1151,2612,156607.767435
1152,2613,120847.6216
1153,2614,126015.765012
1154,2615,140846.286325
1155,2616,129878.478311
1156,2617,176661.328787
1157,2618,192445.833753
1158,2619,205839.266219
1159,2620,173876.753846
1160,2621,173467.574106
1161,2622,176240.049737
1162,2623,236717.972438
1163,2624,255595.578281
1164,2625,317479.4468
1165,2626,171292.494865
1166,2627,174416.886742
1167,2628,424406.222529
1168,2629,655436.405717
1169,2630,317290.767191
1170,2631,440329.255987
1171,2632,415749.306182
1172,2633,304638.846955
1173,2634,385949.989245
1174,2635,155259.590284
1175,2636,171627.927927
1176,2637,170662.546981
1177,2638,251558.94425
1178,2639,186498.055662
1179,2640,146768.980563
1180,2641,117192.62093
1181,2642,179616.872761
1182,2643,101809.304034
1183,2644,129158.389311
1184,2645,106064.900814
1185,2646,95126.8257729
1186,2647,103325.929986
1187,2648,141526.826469
1188,2649,140002.525472
1189,2650,128492.464547
1190,2651,134548.595933
1191,2652,401816.264206
1192,2653,221713.886447
1193,2654,242139.652215
1194,2655,390070.213074
1195,2656,260513.238841
1196,2657,333266.616091
1197,2658,282014.200325
1198,2659,273690.924821
1199,2660,349837.001794
1200,2661,338127.198709
1201,2662,330176.577642
1202,2663,260190.289909
1203,2664,237156.254869
1204,2665,297586.570183
1205,2666,260156.368051
1206,2667,163490.967619
1207,2668,169642.763614
1208,2669,170787.582646
1209,2670,246636.348649
1210,2671,168633.386586
1211,2672,179864.663855
1212,2673,199527.491427
1213,2674,190860.143125
1214,2675,158171.535419
1215,2676,170421.065851
1216,2677,178339.348204
1217,2678,219816.445493
1218,2679,249285.629908
1219,2680,233590.427154
1220,2681,396595.703023
1221,2682,313690.049839
1222,2683,526264.384611
1223,2684,296963.655971
1224,2685,316233.718068
1225,2686,242622.147716
1226,2687,332836.444686
1227,2688,216404.35163
1228,2689,203507.604292
1229,2690,491829.825243
1230,2691,183650.457352
1231,2692,132155.7089
1232,2693,190690.410619
1233,2694,138915.310645
1234,2695,186693.687052
1235,2696,173682.825833
1236,2697,175590.521607
1237,2698,181395.849615
1238,2699,159997.120984
1239,2700,147146.498257
1240,2701,143516.361618
1241,2702,102687.763096
1242,2703,117423.152634
1243,2704,140614.380837
1244,2705,108941.960596
1245,2706,109066.485155
1246,2707,112312.321694
1247,2708,123729.198664
1248,2709,98943.2895369
1249,2710,124141.376607
1250,2711,285342.823948
1251,2712,380636.612684
1252,2713,173810.233215
1253,2714,150748.029139
1254,2715,167874.823807
1255,2716,149067.525946
1256,2717,176607.574402
1257,2718,228745.086412
1258,2719,152090.967648
1259,2720,163769.561013
1260,2721,131692.391353
1261,2722,151757.12226
1262,2723,142298.779299
1263,2724,125522.522425
1264,2725,124076.99867
1265,2726,143249.028124
1266,2727,157508.668314
1267,2728,157067.520736
1268,2729,143396.060336
1269,2730,139185.715308
1270,2731,126665.500957
1271,2732,120530.570577
1272,2733,154873.338112
1273,2734,142253.601294
1274,2735,124287.357722
1275,2736,131918.181481
1276,2737,118728.680343
1277,2738,131574.073604
1278,2739,164293.606538
1279,2740,132750.519673
1280,2741,142456.171497
1281,2742,145335.185914
1282,2743,152301.838217
1283,2744,162828.721851
1284,2745,133006.16722
1285,2746,129088.351594
1286,2747,135567.744233
1287,2748,110312.12961
1288,2749,123701.625129
1289,2750,128061.15678
1290,2751,129303.13818
1291,2752,158064.129777
1292,2753,146254.388695
1293,2754,235484.632721
1294,2755,124143.631136
1295,2756,94797.5378111
1296,2757,61801.9889265
1297,2758,92739.2206595
1298,2759,151418.169211
1299,2760,129114.373927
1300,2761,141034.027524
1301,2762,132238.532676
1302,2763,182005.853987
1303,2764,139951.743848
1304,2765,270309.927256
1305,2766,138372.822966
1306,2767,78960.7010866
1307,2768,121801.8971
1308,2769,126895.723395
1309,2770,142861.725573
1310,2771,111313.380281
1311,2772,107627.465175
1312,2773,153589.144634
1313,2774,130065.988167
1314,2775,126408.692344
1315,2776,145929.569122
1316,2777,148902.903151
1317,2778,123886.836655
1318,2779,125445.410511
1319,2780,88262.4222714
1320,2781,101390.884711
1321,2782,84500.7662068
1322,2783,107778.781048
1323,2784,124163.989497
1324,2785,130432.166342
1325,2786,86813.637824
1326,2787,120482.10044
1327,2788,73100.977807
1328,2789,193056.443771
1329,2790,86648.9104172
1330,2791,111878.705252
1331,2792,55596.5589067
1332,2793,183619.186597
1333,2794,106321.012638
1334,2795,126689.843331
1335,2796,100829.604998
1336,2797,191802.088007
1337,2798,107171.779864
1338,2799,131030.265899
1339,2800,61695.5947867
1340,2801,110920.982149
1341,2802,125211.276114
1342,2803,156557.083378
1343,2804,123740.430246
1344,2805,98277.2325217
1345,2806,81205.1950525
1346,2807,151223.42804
1347,2808,148101.353632
1348,2809,126938.078347
1349,2810,125199.369198
1350,2811,156254.386526
1351,2812,150190.297116
1352,2813,150262.835376
1353,2814,148857.16572
1354,2815,89799.7119015
1355,2816,241931.234448
1356,2817,155307.233883
1357,2818,120794.264517
1358,2819,131100.280261
1359,2820,142440.36611
1360,2821,100228.289812
1361,2822,186799.901675
1362,2823,231453.706172
1363,2824,187329.10752
1364,2825,136373.010509
1365,2826,124346.677051
1366,2827,132788.037
1367,2828,188458.178495
1368,2829,181090.44059
1369,2830,208759.967353
1370,2831,160654.365286
1371,2832,230876.549408
1372,2833,276582.418186
1373,2834,195505.661072
1374,2835,204789.183449
1375,2836,179269.432952
1376,2837,147534.377062
1377,2838,147668.941377
1378,2839,171408.987151
1379,2840,198694.185102
1380,2841,186945.312827
1381,2842,213797.449482
1382,2843,143128.87409
1383,2844,165090.682886
1384,2845,126095.473779
1385,2846,191577.498838
1386,2847,185015.863365
1387,2848,220843.810604
1388,2849,190369.617011
1389,2850,256922.029341
1390,2851,208373.694604
1391,2852,211755.263774
1392,2853,208640.538239
1393,2854,138330.675069
1394,2855,196710.666729
1395,2856,187989.887283
1396,2857,175822.250208
1397,2858,190939.126838
1398,2859,129138.427969
1399,2860,115738.395871
1400,2861,125292.441448
1401,2862,174566.531362
1402,2863,121941.594932
1403,2864,243323.713553
1404,2865,141892.943168
1405,2866,131823.613224
1406,2867,97151.5482279
1407,2868,108972.288501
1408,2869,107166.056919
1409,2870,140026.589434
1410,2871,91839.523082
1411,2872,51043.3995976
1412,2873,101032.046923
1413,2874,138960.848549
1414,2875,116015.17321
1415,2876,162626.871252
1416,2877,123177.74788
1417,2878,151102.142438
1418,2879,141761.255766
1419,2880,95516.957157
1420,2881,138786.797282
1421,2882,161363.182521
1422,2883,184264.823006
1423,2884,165725.55591
1424,2885,172027.328773
1425,2886,204136.585111
1426,2887,75422.1844719
1427,2888,129830.42842
1428,2889,52224.968331
1429,2890,88445.0930651
1430,2891,133129.928177
1431,2892,50770.4472
1432,2893,81008.7678477
1433,2894,63321.690389
1434,2895,346860.081108
1435,2896,289072.717145
1436,2897,193851.54115
1437,2898,131871.344958
1438,2899,193945.062757
1439,2900,150128.443136
1440,2901,190450.054378
1441,2902,168654.581285
1442,2903,328069.065941
1443,2904,316240.116181
1444,2905,73906.6827661
1445,2906,193779.536196
1446,2907,110460.013587
1447,2908,130695.02962
1448,2909,138192.987843
1449,2910,81796.7681
1450,2911,85975.200103
1451,2912,133724.937867
1452,2913,90719.9627914
1453,2914,76924.894046
1454,2915,84172.1265283
1455,2916,85154.4954064
1456,2917,161802.825154
1457,2918,117551.988651
1458,2919,217041.600348
